1
16
0 0 2 0 1 3 0 0 0 0 1 0 5 0 0 0 
6 0 7 0 7 6 6 1 0 6 7 0 0 0 0 0 
0 4 0 0 0 0 0 1 0 6 2 0 6 0 0 0 
0 0 0 0 0 0 0 0 0 0 0 0 0 0 0 0 
0 0 0 0 0 0 0 7 0 4 5 0 1 0 0 0 
7 0 0 0 6 0 3 0 0 0 3 0 4 0 0 0 
0 0 7 0 4 0 0 4 0 4 1 0 0 0 0 0 
2 5 3 0 0 0 0 0 0 0 0 0 1 0 0 0 
0 0 0 0 0 0 0 0 0 0 0 0 0 0 0 0 
0 6 0 0 0 6 3 5 0 0 0 0 4 0 0 0 
2 5 3 0 0 1 4 0 0 5 0 0 2 0 0 0 
0 0 0 0 0 0 0 0 0 0 0 0 0 0 0 0 
0 5 1 0 5 6 0 3 0 4 6 0 0 0 0 0 
0 0 0 0 0 0 0 0 0 0 0 0 0 0 0 0 
0 0 0 0 0 0 0 0 0 0 0 0 0 0 0 0 
0 0 0 0 0 0 0 0 0 0 0 0 0 0 0 0 
