1
40
0 8 12 8 0 0 10 0 7 6 4 2 0 10 0 1 0 0 0 13 0 0 3 14 0 0 0 5 0 0 0 4 9 5 0 11 0 11 5 0 
0 0 1 0 0 12 8 1 9 0 9 0 11 0 0 5 0 0 5 12 0 14 0 0 0 0 0 8 11 13 0 0 2 0 0 0 0 0 0 4 
2 0 0 0 2 11 0 9 3 8 0 0 15 1 13 4 0 1 6 11 0 0 0 0 0 0 1 9 12 0 6 0 0 0 0 15 0 13 0 0 
0 0 2 0 0 0 10 0 7 0 1 0 0 0 5 0 7 6 15 11 8 2 14 12 13 0 3 5 0 13 7 6 0 0 8 6 0 0 4 0 
0 0 12 0 0 3 0 0 0 3 8 4 0 0 0 0 0 0 0 0 0 0 0 0 5 0 0 2 0 0 0 0 0 15 0 7 0 0 0 14 
8 0 0 0 5 0 0 0 12 0 7 0 6 0 0 0 3 0 6 0 14 0 0 0 0 0 6 14 0 8 0 0 7 9 1 14 2 0 0 0 
0 0 3 0 0 0 0 0 0 0 0 0 0 0 3 0 0 7 0 0 0 0 9 0 0 0 0 0 4 14 5 0 0 11 0 0 6 11 6 5 
13 0 2 11 0 4 0 0 0 0 6 0 0 0 0 0 0 0 0 13 2 0 0 0 7 3 9 0 0 10 12 6 0 6 6 8 0 0 3 9 
9 0 9 9 0 11 0 0 0 9 1 9 6 0 0 3 0 0 0 4 0 0 12 6 4 0 0 6 0 15 0 5 0 0 0 0 4 0 15 0 
4 0 0 0 0 14 0 0 3 0 0 0 2 0 7 13 7 11 2 0 0 1 15 12 0 14 0 0 11 0 0 3 0 2 7 0 0 0 0 0 
0 0 3 0 5 2 0 0 0 2 0 0 0 0 15 15 0 0 0 13 11 5 0 9 0 12 0 0 0 10 1 8 10 0 4 0 10 3 0 10 
0 5 0 0 0 0 0 0 10 0 1 0 10 0 8 0 12 11 0 0 0 0 3 1 13 4 11 9 13 0 11 0 2 0 0 0 0 0 2 10 
0 0 0 5 6 1 0 3 0 7 0 0 0 0 0 0 14 0 6 4 10 14 2 14 14 0 0 7 0 4 0 0 7 11 0 15 0 4 12 10 
0 1 0 0 6 0 0 3 0 0 7 13 0 0 0 0 6 0 0 0 0 0 3 0 0 2 9 10 7 0 0 15 7 0 4 9 13 0 10 0 
11 0 0 12 0 0 0 1 9 3 4 5 14 0 0 0 0 15 0 12 0 0 10 2 0 8 0 4 0 2 4 3 1 0 0 5 0 0 0 0 
2 2 0 13 0 0 0 8 0 0 0 9 0 13 7 0 0 0 4 14 3 8 0 0 0 0 14 0 5 0 0 14 9 0 4 3 11 0 0 0 
0 0 0 0 0 0 0 0 14 0 0 0 0 0 10 0 0 2 0 12 12 0 10 0 0 0 2 15 0 0 0 0 0 0 0 0 7 14 0 10 
3 0 2 0 1 8 0 8 0 2 2 0 5 7 0 0 6 0 7 0 0 0 10 0 6 11 0 0 0 12 0 0 5 6 0 0 2 0 0 15 
0 0 8 0 0 0 3 0 0 0 1 0 0 0 0 0 9 7 0 0 0 4 0 0 0 11 0 0 0 6 0 14 0 0 0 14 0 0 7 11 
12 0 5 8 9 4 0 4 5 0 0 0 0 9 3 0 8 0 0 0 12 11 0 6 0 0 0 13 0 0 7 0 0 0 0 0 2 15 0 13 
8 0 0 2 0 0 0 4 0 0 3 0 0 2 0 9 0 0 2 0 0 0 12 11 14 12 11 0 0 13 7 0 0 1 0 1 0 5 0 13 
0 0 0 0 2 0 6 11 10 4 0 3 14 15 0 4 0 3 6 14 0 0 0 13 0 0 0 0 0 14 0 0 0 0 0 0 0 0 9 0 
0 0 0 6 9 0 0 0 0 0 10 12 13 0 0 0 0 0 0 14 0 11 0 10 6 0 3 11 13 0 0 0 0 0 0 0 2 8 15 0 
0 5 3 13 11 1 0 6 4 0 5 0 0 2 0 14 0 0 0 6 3 0 0 0 0 0 0 0 0 0 11 6 0 0 3 0 2 0 0 0 
0 0 0 6 0 0 0 0 3 9 0 14 8 8 0 0 7 0 4 0 3 10 0 0 0 0 0 11 0 0 0 10 0 1 13 9 0 0 0 3 
0 0 0 0 13 0 0 9 15 0 0 8 0 0 0 2 0 12 9 0 0 0 0 6 0 0 0 0 5 11 3 0 0 0 4 9 0 0 8 5 
4 6 0 0 14 0 7 5 0 7 0 8 0 0 11 0 0 10 0 0 0 0 12 2 2 0 0 0 12 0 6 0 1 0 0 0 0 0 13 13 
7 0 13 2 6 0 7 7 5 0 0 0 0 6 4 0 13 15 0 0 9 1 7 2 15 0 0 0 0 14 15 0 2 0 1 0 2 11 15 0 
3 0 3 0 0 0 6 1 0 14 0 6 6 6 0 14 3 0 6 0 7 0 13 0 0 10 0 2 0 15 1 1 5 13 0 0 8 0 2 13 
0 9 0 0 1 10 0 0 13 7 5 12 5 0 0 2 7 11 0 0 0 0 15 1 7 1 0 0 7 0 0 1 7 0 7 13 11 0 15 8 
5 3 2 12 6 0 0 0 15 0 2 0 0 4 7 0 0 12 0 0 0 0 0 0 0 0 0 13 0 15 0 10 14 0 0 0 14 2 2 5 
4 13 11 0 0 0 0 11 3 0 0 0 1 0 2 9 0 8 3 0 0 0 0 3 0 0 10 0 0 8 1 0 14 13 0 8 11 12 13 0 
0 0 0 8 12 0 2 0 12 0 6 4 9 8 0 7 6 15 10 0 6 0 0 0 0 0 0 4 1 4 0 7 0 0 13 4 0 0 0 2 
11 0 2 0 0 0 5 0 0 9 0 0 5 11 0 7 1 11 14 0 0 0 0 0 0 8 14 14 0 10 1 15 14 0 0 0 10 1 0 0 
12 0 0 10 0 0 0 0 0 0 0 0 0 0 0 0 0 8 0 0 0 9 0 3 0 12 0 10 2 7 8 14 5 1 0 8 6 0 0 1 
15 0 11 5 0 0 15 0 15 0 0 12 0 0 0 0 11 10 2 0 0 0 0 4 0 0 14 0 7 0 13 0 0 0 0 0 0 0 0 0 
0 0 0 6 0 9 8 0 2 0 0 0 0 0 12 4 10 0 5 14 15 3 8 14 0 15 12 0 0 15 0 15 0 10 0 10 0 0 0 0 
5 9 0 0 0 0 0 0 0 0 12 0 0 2 10 0 0 0 8 0 0 0 0 12 0 0 10 0 14 0 14 4 0 0 0 1 9 0 5 0 
0 15 0 7 0 0 0 4 0 0 0 0 0 0 0 0 3 0 10 0 9 11 5 8 0 0 15 0 3 0 0 4 6 3 0 0 15 2 0 11 
0 0 7 15 2 0 12 0 0 12 0 1 11 0 0 0 0 0 0 5 0 15 10 0 0 11 0 0 0 0 10 0 11 3 0 0 6 12 11 0 
