1
30
0 15 13 6 15 0 3 0 2 0 0 0 0 0 0 2 0 0 0 15 0 8 2 10 0 1 0 0 0 0 
0 0 0 0 0 9 5 5 0 0 0 10 4 0 3 14 9 0 0 3 9 0 14 0 0 0 15 8 0 0 
0 1 0 7 7 0 6 1 3 0 6 1 8 10 0 0 4 5 3 10 0 15 0 0 5 0 14 0 0 0 
0 13 0 0 0 10 0 0 0 13 0 0 0 0 3 0 0 10 0 3 5 2 0 0 3 5 13 0 0 0 
0 2 5 0 0 14 3 8 7 0 8 0 4 0 0 0 0 6 0 13 0 0 0 0 0 0 0 0 3 15 
9 10 5 0 14 0 8 4 0 2 0 0 9 11 6 0 10 1 0 0 12 0 0 1 5 0 6 8 0 6 
8 0 0 0 0 0 0 3 4 0 0 0 13 11 0 0 0 0 0 0 12 0 0 0 0 4 8 6 5 0 
0 0 0 0 0 3 0 0 0 0 9 0 10 0 2 8 9 0 0 0 0 0 0 0 10 9 0 0 10 0 
2 5 6 10 15 0 0 0 0 0 0 0 14 11 0 3 15 5 0 1 13 0 9 0 0 0 0 0 1 0 
5 8 1 0 0 0 13 12 0 0 7 0 10 0 7 9 8 0 0 0 0 0 7 15 0 0 0 0 14 2 
12 1 0 0 0 5 0 0 0 0 0 2 0 7 0 0 0 0 15 0 0 7 14 0 0 15 0 13 13 0 
0 3 0 0 6 0 14 6 11 0 0 0 0 0 12 0 8 7 0 0 0 0 2 0 10 12 0 0 3 15 
0 12 0 0 0 13 0 0 0 12 0 4 0 0 0 5 4 0 5 0 0 0 0 0 2 0 0 12 3 0 
8 0 5 15 0 11 0 0 11 0 2 0 0 0 0 9 0 0 15 5 0 8 0 0 0 0 0 0 5 13 
0 0 0 11 0 5 0 0 10 5 15 0 0 4 0 4 6 0 0 2 0 9 3 13 0 0 0 6 4 0 
0 0 2 0 14 0 0 10 0 11 0 9 0 0 0 0 12 0 0 14 0 0 0 10 12 0 0 1 10 0 
0 0 0 0 2 7 10 0 0 0 11 5 0 14 7 0 0 14 15 5 0 10 9 0 0 5 9 0 0 0 
0 0 8 1 0 9 5 0 0 0 5 0 0 14 0 0 0 0 0 0 5 0 2 13 2 13 0 1 0 0 
0 0 10 0 0 10 0 3 0 0 4 6 0 0 0 0 9 0 0 0 0 0 0 0 0 8 10 0 0 0 
0 0 6 0 2 10 0 0 0 0 0 5 0 0 0 0 13 15 0 0 10 3 0 0 0 0 0 7 0 5 
9 8 0 5 6 9 13 8 0 3 9 0 0 0 0 0 0 0 0 4 0 11 0 9 4 10 0 0 8 0 
0 0 7 1 0 0 0 5 12 0 0 1 6 0 8 10 0 10 9 0 11 0 14 0 0 13 6 0 4 0 
0 15 15 0 0 0 8 6 0 0 0 0 0 7 0 4 0 9 0 0 8 0 0 0 0 12 9 12 0 11 
1 14 13 0 11 0 14 0 14 12 0 14 10 10 8 0 13 0 15 3 0 0 0 0 0 12 15 0 13 6 
0 10 3 0 0 0 12 2 0 0 0 0 0 0 0 7 11 7 0 0 0 2 4 0 0 0 1 0 13 9 
10 8 0 0 9 0 15 0 0 0 0 0 0 6 0 7 2 0 0 0 0 7 2 0 7 0 9 0 0 0 
0 7 7 0 14 0 10 3 0 2 0 13 0 6 12 0 15 4 14 3 3 0 0 0 0 0 0 0 0 0 
0 0 0 15 10 15 0 0 11 0 0 6 12 0 6 3 0 0 1 6 0 0 3 11 10 0 6 0 6 6 
0 0 0 0 0 0 14 0 0 9 0 0 0 0 0 10 0 7 0 0 0 11 0 6 13 0 7 15 0 5 
0 12 8 10 10 1 0 0 14 0 13 3 0 0 0 0 6 0 0 0 15 0 9 0 0 6 0 3 0 0 
